108
108.264
108.528
108.792
109.056
109.32
109.584
109.848
110.112
110.376
110.64
110.904
111.168
111.432
111.696
111.96
112.224
112.488
112.752
113.016
113.28
113.544
113.808
114.072
114.336
114.6
114.864
115.128
115.392
115.656
115.92
116.184
116.448
116.712
116.976
117.24
117.504
117.768
118.032
118.296
118.56
118.824
119.088
119.352
119.616
119.88
120.144
120.408
120.672
120.936
121.2
121.464
121.728
121.992
122.256
122.52
122.784
123.048
123.312
123.576
123.84
124.104
124.368
124.632
124.896
125.16
125.424
125.688
125.952
126.216
126.48
126.744
127.008
127.272
127.536
127.8
128.064
128.328
128.592
128.856
129.12
129.384
129.648
129.912
130.176
130.44
130.704
130.968
131.232
131.496
131.76
132.024
132.288
132.552
132.816
133.08
133.344
133.608
133.872
134.136
134.4
134.664
134.928
135.192
135.456
135.72
135.984
136.248
136.512
136.776
137.04
137.304
137.568
137.832
138.096
138.36
138.624
138.888
139.152
139.416
139.68
139.944
140.208
140.472
140.736
141
141.264
141.528
141.792
142.056
142.32
142.584
142.848
143.112
143.376
143.64
143.904
144.168
144.432
144.696
144.96
145.224
145.488
145.752
146.016
146.28
146.544
146.808
147.072
147.336
147.6
147.864
148.128
148.392
148.656
148.92
149.184
149.448
149.712
149.976
150.24
150.504
150.768
151.032
151.296
151.56
151.824
152.088
152.352
152.616
152.88
153.144
153.408
153.672
153.936
154.2
154.464
154.728
154.992
155.256
155.52
155.784
156.048
156.312
156.576
156.84
157.104
157.368
157.632
157.896
158.16
158.424
158.688
158.952
159.216
159.48
159.744
160.008
160.272
160.536
160.8
161.064
161.328
161.592
161.856
162.12
162.384
162.648
162.912
163.176
163.44
163.704
163.968
164.232
164.496
164.76
165.024
165.288
165.552
165.816
166.08
166.344
166.608
166.872
167.136
167.4
167.664
167.928
168.192
168.456
168.72
168.984
169.248
169.512
169.776
170.04
170.304
170.568
170.832
171.096
171.36
171.624
171.888
172.152
172.416
172.68
172.944
173.208
173.472
173.736
174
225
225.7
226.4
227.1
227.8
228.5
229.2
229.9
230.6
231.3
232
232.7
233.4
234.1
234.8
235.5
236.2
236.9
237.6
238.3
239
239.7
240.4
241.1
241.8
242.5
243.2
243.9
244.6
245.3
246
246.7
247.4
248.1
248.8
249.5
250.2
250.9
251.6
252.3
253
253.7
254.4
255.1
255.8
256.5
257.2
257.9
258.6
259.3
260
260.7
261.4
262.1
262.8
263.5
264.2
264.9
265.6
266.3
267
267.7
268.4
269.1
269.8
270.5
271.2
271.9
272.6
273.3
274
274.7
275.4
276.1
276.8
277.5
278.2
278.9
279.6
280.3
281
281.7
282.4
283.1
283.8
284.5
285.2
285.9
286.6
287.3
288
288.7
289.4
290.1
290.8
291.5
292.2
292.9
293.6
294.3
295
295.7
296.4
297.1
297.8
298.5
299.2
299.9
300.6
301.3
302
302.7
303.4
304.1
304.8
305.5
306.2
306.9
307.6
308.3
309
309.7
310.4
311.1
311.8
312.5
313.2
313.9
314.6
315.3
316
316.7
317.4
318.1
318.8
319.5
320.2
320.9
321.6
322.3
323
323.7
324.4
325.1
325.8
326.5
327.2
327.9
328.6
329.3
330
330.7
331.4
332.1
332.8
333.5
334.2
334.9
335.6
336.3
337
337.7
338.4
339.1
339.8
340.5
341.2
341.9
342.6
343.3
344
344.7
345.4
346.1
346.8
347.5
348.2
348.9
349.6
350.3
351
351.7
352.4
353.1
353.8
354.5
355.2
355.9
356.6
357.3
358
358.7
359.4
360.1
360.8
361.5
362.2
362.9
363.6
364.3
365
365.7
366.4
367.1
367.8
368.5
369.2
369.9
370.6
371.3
372
372.7
373.4
374.1
374.8
375.5
376.2
376.9
377.6
378.3
379
379.7
380.4
381.1
381.8
382.5
383.2
383.9
384.6
385.3
386
386.7
387.4
388.1
388.8
389.5
390.2
390.9
391.6
392.3
393
393.7
394.4
395.1
395.8
396.5
397.2
397.9
398.6
399.3
400
