2 105.92MHz -3.59 0
3 106.07MHz -3.52 1
4 106.26MHz -3.53 2
5 106.4MHz -3.56 3
6 106.46MHz -3.54 4
7 106.62MHz -3.57 5
8 106.8MHz -3.55 6
9 106.94MHz -3.55 7
10 107.01MHz -3.53 8
11 107.16MHz -3.55 9
12 107.38MHz -3.53 10
13 107.52MHz -3.49 11
14 107.55MHz -3.53 12
15 107.71MHz -3.55 13
16 107.92MHz -3.54 14
17 108.07MHz -3.55 15
18 108.14MHz -3.54 16
19 108.28MHz -3.56 17
20 108.5MHz -3.57 18
21 108.65MHz -3.52 19
22 108.71MHz -3.56 20
23 108.85MHz -3.53 21
24 109.07MHz -3.54 22
25 109.22MHz -3.57 23
26 109.29MHz -3.54 24
27 109.44MHz -3.55 25
28 109.67MHz -3.54 26
29 109.84MHz -3.51 27
30 109.9MHz -3.52 28
31 110.04MHz -3.48 29
32 110.25MHz -3.53 30
33 110.42MHz -3.55 31
34 110.5MHz -3.48 32
35 110.65MHz -3.49 33
36 110.88MHz -3.5 34
37 111.05MHz -3.47 35
38 111.1MHz -3.46 36
39 111.25MHz -3.44 37
40 111.44MHz -3.48 38
41 111.63MHz -3.47 39
42 111.76MHz -3.51 40
43 111.91MHz -3.47 41
44 112.19MHz -3.5 42
66 112.21MHz -3.48 64
45 112.35MHz -3.47 43
67 112.37MHz -3.45 65
46 112.39MHz -3.48 44
47 112.54MHz -3.43 45
68 112.58MHz -3.46 66
69 112.72MHz -3.46 67
48 112.76MHz -3.49 46
70 112.8MHz -3.49 68
258 112.94MHz -3.49 256
49 112.95MHz -3.44 47
71 112.98MHz -3.48 69
50 113MHz -3.47 48
259 113.11MHz -3.48 257
130 113.17MHz -3.39 128
51 113.18MHz -3.46 49
514 113.21MHz -3.36 512
72 113.22MHz -3.49 70
131 113.34MHz -3.35 129
260 113.36MHz -3.48 258
515 113.39MHz -3.37 513
73 113.42MHz -3.48 71
52 113.44MHz -3.46 50
74 113.52MHz -3.47 72
261 113.54MHz -3.46 259
132 113.6MHz -3.38 130
53 113.6MHz -3.39 51
262 113.61MHz -3.45 260
516 113.64MHz -3.35 514
75 113.66MHz -3.42 73
54 113.68MHz -3.42 52
133 113.74MHz -3.33 131
263 113.76MHz -3.45 261
517 113.77MHz -3.28 515
134 113.81MHz -3.32 132
55 113.83MHz -3.41 53
518 113.84MHz -3.32 516
76 113.89MHz -3.41 74
135 113.95MHz -3.34 133
264 113.96MHz -3.47 262
519 113.99MHz -3.35 517
77 114.05MHz -3.45 75
56 114.05MHz -3.43 54
78 114.12MHz -3.45 76
265 114.16MHz -3.45 263
136 114.2MHz -3.37 134
57 114.24MHz -3.43 55
520 114.26MHz -3.36 518
266 114.27MHz -3.43 264
79 114.3MHz -3.45 77
58 114.36MHz -3.47 56
137 114.4MHz -3.35 135
267 114.44MHz -3.44 265
521 114.44MHz -3.35 519
138 114.5MHz -3.37 136
59 114.54MHz -3.45 57
522 114.55MHz -3.36 520
80 114.58MHz -3.44 78
139 114.69MHz -3.35 137
268 114.73MHz -3.43 266
523 114.74MHz -3.34 521
81 114.78MHz -3.4 79
60 114.82MHz -3.43 58
82 114.88MHz -3.45 80
269 114.89MHz -3.4 267
270 114.93MHz -3.38 268
140 114.94MHz -3.3 138
61 114.97MHz -3.41 59
524 114.98MHz -3.32 522
62 115.03MHz -3.38 60
83 115.03MHz -3.42 81
141 115.08MHz -3.32 139
271 115.1MHz -3.41 269
525 115.12MHz -3.29 523
142 115.14MHz -3.33 140
526 115.18MHz -3.33 524
63 115.2MHz -3.44 61
84 115.25MHz -3.45 82
143 115.31MHz -3.34 141
272 115.34MHz -3.43 270
527 115.36MHz -3.32 525
85 115.44MHz -3.48 83
64 115.47MHz -3.42 62
273 115.54MHz -3.44 271
86 115.54MHz -3.5 84
144 115.6MHz -3.34 142
274 115.62MHz -3.48 272
528 115.64MHz -3.33 526
65 115.68MHz -3.44 63
87 115.75MHz -3.51 85
145 115.81MHz -3.32 143
275 115.82MHz -3.5 273
529 115.85MHz -3.3 527
146 115.9MHz -3.35 144
530 115.95MHz -3.32 528
88 116.01MHz -3.49 86
147 116.07MHz -3.34 145
276 116.08MHz -3.47 274
531 116.12MHz -3.32 529
89 116.17MHz -3.46 87
90 116.24MHz -3.41 88
277 116.24MHz -3.44 275
148 116.3MHz -3.3 146
278 116.32MHz -3.48 276
532 116.34MHz -3.31 530
91 116.4MHz -3.41 89
149 116.46MHz -3.36 147
279 116.49MHz -3.5 277
533 116.5MHz -3.33 531
150 116.55MHz -3.37 148
534 116.6MHz -3.33 532
92 116.67MHz -3.41 90
280 116.75MHz -3.51 278
151 116.76MHz -3.36 149
535 116.81MHz -3.33 533
93 116.88MHz -3.45 91
281 116.97MHz -3.5 279
94 116.97MHz -3.44 92
152 117.03MHz -3.33 150
282 117.07MHz -3.43 280
536 117.1MHz -3.33 534
95 117.19MHz -3.45 93
153 117.25MHz -3.36 151
283 117.26MHz -3.43 281
537 117.29MHz -3.3 535
154 117.31MHz -3.31 152
538 117.37MHz -3.27 536
96 117.43MHz -3.4 94
155 117.48MHz -3.25 153
284 117.51MHz -3.42 282
539 117.52MHz -3.27 537
97 117.6MHz -3.41 95
98 117.65MHz -3.3 96
285 117.67MHz -3.43 283
156 117.73MHz -3.31 154
286 117.74MHz -3.46 284
540 117.77MHz -3.3 538
99 117.81MHz -3.31 97
157 117.92MHz -3.31 155
287 117.95MHz -3.44 285
541 117.98MHz -3.3 539
158 118.01MHz -3.31 156
542 118.07MHz -3.3 540
100 118.12MHz -3.32 98
159 118.23MHz -3.29 157
288 118.25MHz -3.45 286
543 118.3MHz -3.3 541
101 118.33MHz -3.3 99
102 118.42MHz -3.3 100
289 118.48MHz -3.42 287
160 118.53MHz -3.28 158
290 118.57MHz -3.3 288
544 118.58MHz -3.27 542
103 118.61MHz -3.35 101
161 118.7MHz -3.27 159
291 118.74MHz -3.25 289
545 118.75MHz -3.25 543
162 118.81MHz -3.24 160
546 118.82MHz -3.25 544
104 118.83MHz -3.28 102
547 118.98MHz -3.24 545
292 118.98MHz -3.29 290
163 118.99MHz -3.24 161
105 119.01MHz -3.3 103
293 119.16MHz -3.3 291
106 119.17MHz -3.32 104
294 119.26MHz -3.28 292
548 119.28MHz -3.25 546
164 119.28MHz -3.26 162
107 119.39MHz -3.3 105
295 119.5MHz -3.3 293
165 119.5MHz -3.26 163
549 119.51MHz -3.22 547
550 119.59MHz -3.24 548
166 119.6MHz -3.23 164
108 119.71MHz -3.31 106
296 119.77MHz -3.29 294
167 119.79MHz -3.23 165
551 119.79MHz -3.23 549
109 119.89MHz -3.29 107
110 119.94MHz -3.28 108
297 119.96MHz -3.23 295
168 120.03MHz -3.21 166
552 120.03MHz -3.21 550
298 120.09MHz -3.26 296
111 120.13MHz -3.31 109
169 120.22MHz -3.23 167
553 120.23MHz -3.22 551
299 120.27MHz -3.26 297
170 120.35MHz -3.25 168
554 120.36MHz -3.24 552
112 120.4MHz -3.27 110
171 120.58MHz -3.25 169
300 120.59MHz -3.28 298
555 120.6MHz -3.25 553
113 120.64MHz -3.26 111
322 120.66MHz -3.37 320
114 120.76MHz -3.31 112
301 120.84MHz -3.26 299
323 120.88MHz -3.37 321
302 120.9MHz -3.28 300
172 120.93MHz -3.25 170
194 120.94MHz -3.2 192
556 120.94MHz -3.23 554
115 120.98MHz -3.33 113
578 120.99MHz -3.18 576
303 121.11MHz -3.26 301
173 121.12MHz -3.22 171
557 121.12MHz -3.23 555
195 121.12MHz -3.2 193
324 121.15MHz -3.37 322
579 121.17MHz -3.14 577
174 121.17MHz -3.2 172
558 121.18MHz -3.24 556
116 121.24MHz -3.27 114
325 121.34MHz -3.36 323
304 121.36MHz -3.29 302
559 121.37MHz -3.23 557
175 121.37MHz -3.23 173
196 121.38MHz -3.2 194
326 121.41MHz -3.4 324
117 121.41MHz -3.27 115
580 121.43MHz -3.17 578
118 121.51MHz -3.29 116
305 121.56MHz -3.25 303
197 121.57MHz -3.19 195
327 121.61MHz -3.39 325
306 121.61MHz -3.32 304
581 121.62MHz -3.18 579
176 121.64MHz -3.22 174
198 121.65MHz -3.19 196
560 121.65MHz -3.2 558
582 121.71MHz -3.21 580
119 121.74MHz -3.32 117
307 121.84MHz -3.31 305
386 121.85MHz -3.21 384
561 121.9MHz -3.22 559
177 121.9MHz -3.26 175
199 121.92MHz -3.23 197
770 121.92MHz -3.21 768
328 121.94MHz -3.39 326
583 121.97MHz -3.19 581
178 121.98MHz -3.21 176
562 121.98MHz -3.22 560
120 122.08MHz -3.29 118
387 122.09MHz -3.21 385
771 122.15MHz -3.18 769
329 122.17MHz -3.35 327
308 122.18MHz -3.29 306
179 122.2MHz -3.2 177
563 122.2MHz -3.19 561
642 122.22MHz -3.14 640
200 122.22MHz -3.17 198
584 122.27MHz -3.18 582
330 122.28MHz -3.33 328
121 122.29MHz -3.26 119
309 122.37MHz -3.27 307
388 122.38MHz -3.16 386
122 122.41MHz -3.28 120
643 122.41MHz -3.12 641
772 122.42MHz -3.14 770
201 122.42MHz -3.15 199
585 122.47MHz -3.15 583
564 122.47MHz -3.13 562
331 122.47MHz -3.32 329
180 122.47MHz -3.16 178
310 122.47MHz -3.28 308
202 122.53MHz -3.16 200
389 122.56MHz -3.19 387
586 122.58MHz -3.15 584
123 122.59MHz -3.26 121
773 122.61MHz -3.15 771
390 122.64MHz -3.2 388
311 122.66MHz -3.28 309
181 122.66MHz -3.19 179
565 122.66MHz -3.17 563
774 122.68MHz -3.16 772
644 122.68MHz -3.11 642
203 122.71MHz -3.13 201
566 122.76MHz -3.17 564
182 122.76MHz -3.21 180
587 122.76MHz -3.15 585
332 122.77MHz -3.33 330
391 122.85MHz -3.21 389
645 122.88MHz -3.1 643
124 122.89MHz -3.28 122
775 122.9MHz -3.19 773
312 122.94MHz -3.3 310
646 122.96MHz -3.12 644
333 122.97MHz -3.31 331
567 122.99MHz -3.18 565
183 122.99MHz -3.21 181
204 123.03MHz -3.17 202
334 123.05MHz -3.34 332
588 123.11MHz -3.16 586
125 123.13MHz -3.27 123
392 123.18MHz -3.22 390
313 123.21MHz -3.28 311
776 123.25MHz -3.18 774
126 123.25MHz -3.27 124
647 123.25MHz -3.1 645
205 123.3MHz -3.14 203
335 123.31MHz -3.33 333
568 123.33MHz -3.17 566
184 123.33MHz -3.18 182
589 123.35MHz -3.15 587
206 123.37MHz -3.15 204
314 123.37MHz -3.28 312
590 123.42MHz -3.15 588
393 123.43MHz -3.2 391
127 123.48MHz -3.28 125
777 123.48MHz -3.18 775
394 123.54MHz -3.16 392
648 123.54MHz -3.11 646
569 123.55MHz -3.16 567
185 123.55MHz -3.16 183
315 123.56MHz -3.28 313
207 123.58MHz -3.15 205
778 123.59MHz -3.13 776
336 123.61MHz -3.32 334
591 123.63MHz -3.13 589
186 123.67MHz -3.15 184
570 123.67MHz -3.17 568
395 123.73MHz -3.14 393
649 123.75MHz -3.07 647
128 123.76MHz -3.24 126
779 123.78MHz -3.09 777
337 123.82MHz -3.3 335
650 123.86MHz -3.07 648
187 123.86MHz -3.16 185
316 123.86MHz -3.23 314
208 123.87MHz -3.09 206
571 123.87MHz -3.13 569
592 123.92MHz -3.14 590
338 123.95MHz -3.43 336
129 123.98MHz -3.27 127
396 124.04MHz -3.16 394
651 124.05MHz -3.12 649
317 124.06MHz -3.25 315
209 124.08MHz -3.15 207
780 124.08MHz -3.17 778
593 124.14MHz -3.13 591
339 124.16MHz -3.43 337
318 124.16MHz -3.27 316
188 124.17MHz -3.19 186
572 124.18MHz -3.19 570
210 124.23MHz -3.19 208
397 124.25MHz -3.15 395
781 124.31MHz -3.13 779
594 124.31MHz -3.18 592
398 124.35MHz -3.16 396
782 124.41MHz -3.13 780
652 124.42MHz -3.11 650
319 124.42MHz -3.27 317
189 124.43MHz -3.19 187
573 124.44MHz -3.15 571
211 124.5MHz -3.18 209
340 124.52MHz -3.4 338
190 124.54MHz -3.18 188
574 124.55MHz -3.18 572
595 124.56MHz -3.17 593
399 124.61MHz -3.16 397
653 124.65MHz -3.13 651
783 124.66MHz -3.16 781
654 124.72MHz -3.09 652
341 124.73MHz -3.4 339
320 124.76MHz -3.26 318
191 124.77MHz -3.15 189
575 124.78MHz -3.16 573
212 124.82MHz -3.2 210
342 124.84MHz -3.42 340
596 124.87MHz -3.13 594
400 124.91MHz -3.12 398
655 124.94MHz -3.06 653
784 124.96MHz -3.11 782
321 124.97MHz -3.2 319
213 125.01MHz -3.14 211
343 125.06MHz -3.42 341
576 125.07MHz -3.13 574
192 125.07MHz -3.16 190
597 125.07MHz -3.13 595
401 125.13MHz -3.14 399
214 125.13MHz -3.19 212
598 125.17MHz -3.14 596
785 125.18MHz -3.13 783
402 125.23MHz -3.2 400
656 125.24MHz -3.07 654
786 125.28MHz -3.2 784
577 125.29MHz -3.17 575
193 125.29MHz -3.18 191
344 125.35MHz -3.41 342
215 125.35MHz -3.21 213
599 125.4MHz -3.19 597
403 125.44MHz -3.22 401
657 125.47MHz -3.08 655
787 125.49MHz -3.19 785
658 125.6MHz -3.07 656
345 125.61MHz -3.43 343
216 125.69MHz -3.22 214
346 125.73MHz -3.36 344
600 125.76MHz -3.15 598
404 125.81MHz -3.19 402
788 125.87MHz -3.16 786
659 125.87MHz -3.08 657
217 125.93MHz -3.18 215
347 125.95MHz -3.37 345
601 126MHz -3.13 599
405 126.03MHz -3.22 403
218 126.04MHz -3.13 216
789 126.09MHz -3.15 787
602 126.1MHz -3.11 600
406 126.14MHz -3.2 404
660 126.17MHz -3.04 658
790 126.19MHz -3.2 788
219 126.24MHz -3.09 217
348 126.28MHz -3.33 346
603 126.3MHz -3.12 601
407 126.37MHz -3.24 405
661 126.39MHz -3.03 659
791 126.42MHz -3.18 789
662 126.5MHz -3.07 660
349 126.5MHz -3.34 347
220 126.58MHz -3.14 218
350 126.59MHz -3.39 348
604 126.63MHz -3.12 602
408 126.68MHz -3.22 406
792 126.73MHz -3.19 790
663 126.74MHz -3.08 661
221 126.81MHz -3.15 219
351 126.84MHz -3.38 349
605 126.88MHz -3.12 603
222 126.93MHz -3.16 220
409 126.95MHz -3.23 407
606 127.01MHz -3.16 604
793 127.01MHz -3.18 791
410 127.05MHz -3.18 408
664 127.1MHz -3.08 662
794 127.11MHz -3.14 792
223 127.19MHz -3.17 221
352 127.21MHz -3.39 350
607 127.26MHz -3.16 605
411 127.29MHz -3.16 409
795 127.34MHz -3.11 793
665 127.34MHz -3.07 663
666 127.43MHz -3.03 664
353 127.44MHz -3.37 351
224 127.51MHz -3.15 222
354 127.53MHz -3.15 352
608 127.57MHz -3.11 606
412 127.63MHz -3.15 410
667 127.65MHz -3.06 665
796 127.68MHz -3.12 794
225 127.74MHz -3.16 223
355 127.75MHz -3.16 353
609 127.82MHz -3.12 607
413 127.85MHz -3.17 411
226 127.86MHz -3.06 224
610 127.86MHz -3.08 608
797 127.92MHz -3.13 795
414 127.96MHz -3.2 412
798 128.02MHz -3.13 796
668 128.02MHz -3.07 666
227 128.11MHz -3.07 225
356 128.11MHz -3.2 354
611 128.12MHz -3.05 609
415 128.23MHz -3.2 413
669 128.27MHz -3.06 667
799 128.29MHz -3.14 797
357 128.37MHz -3.19 355
670 128.38MHz -3.06 668
228 128.47MHz -3.05 226
358 128.47MHz -3.15 356
612 128.48MHz -3.07 610
416 128.58MHz -3.16 414
671 128.63MHz -3.04 669
800 128.65MHz -3.13 798
613 128.71MHz -3.03 611
229 128.71MHz -3.03 227
359 128.71MHz -3.12 357
614 128.8MHz -3.03 612
230 128.8MHz -3.05 228
417 128.83MHz -3.18 415
801 128.88MHz -3.12 799
672 128.97MHz -3.05 670
418 129MHz -3.09 416
802 129MHz -3.05 800
360 129.03MHz -3.18 358
615 129.05MHz -3.06 613
231 129.05MHz -3.07 229
673 129.23MHz -3.07 671
803 129.24MHz -3.03 801
419 129.25MHz -3.05 417
361 129.29MHz -3.19 359
674 129.37MHz -3.07 672
232 129.39MHz -3.07 230
616 129.41MHz -3.07 614
362 129.5MHz -3.17 360
804 129.62MHz -3.06 802
420 129.62MHz -3.06 418
675 129.63MHz -3.05 673
233 129.67MHz -3.07 231
617 129.67MHz -3.05 615
363 129.74MHz -3.18 361
234 129.85MHz -3.06 232
618 129.86MHz -3.04 616
421 129.87MHz -3.02 419
805 129.87MHz -3 803
422 129.96MHz -3.01 420
806 129.97MHz -3 804
676 129.98MHz -3.03 674
235 130.08MHz -3.03 233
619 130.1MHz -3.04 617
364 130.11MHz -3.14 362
423 130.22MHz -3.03 421
677 130.22MHz -3.05 675
807 130.23MHz -3.03 805
678 130.32MHz -3.05 676
365 130.35MHz -3.14 363
366 130.43MHz -3.18 364
620 130.48MHz -3.07 618
236 130.48MHz -3.09 234
424 130.57MHz -3.06 422
808 130.58MHz -3.04 806
679 130.61MHz -3.05 677
367 130.7MHz -3.2 365
237 130.72MHz -3.07 235
621 130.73MHz -3.07 619
622 130.81MHz -3.07 620
238 130.82MHz -3.06 236
809 130.85MHz -3.02 807
425 130.85MHz -3.03 423
680 130.95MHz -3.07 678
426 131.04MHz -3.05 424
810 131.05MHz -3.05 808
239 131.09MHz -3.02 237
623 131.1MHz -3.06 621
368 131.1MHz -3.14 366
681 131.22MHz -2.99 679
427 131.29MHz -3.01 425
811 131.3MHz -3.03 809
369 131.35MHz -3.14 367
682 131.4MHz -3.07 680
240 131.45MHz -3.04 238
370 131.46MHz -3.22 368
624 131.46MHz -3.06 622
683 131.67MHz -3.07 681
812 131.69MHz -3.04 810
428 131.69MHz -3.06 426
450 131.71MHz -3.14 448
371 131.73MHz -3.23 369
625 131.74MHz -3.04 623
241 131.74MHz -3.06 239
834 131.79MHz -3.08 832
242 131.88MHz -3.06 240
626 131.88MHz -3.05 624
813 131.94MHz -3.04 811
429 131.94MHz -3.05 427
451 131.96MHz -3.12 449
430 132.02MHz -3.06 428
835 132.03MHz -3.08 833
814 132.03MHz -3.02 812
684 132.05MHz -3.1 682
372 132.12MHz -3.21 370
243 132.13MHz -3.06 241
706 132.13MHz -2.94 704
627 132.14MHz -3.05 625
431 132.31MHz -3.04 429
815 132.31MHz -3.01 813
685 132.33MHz -3.07 683
452 132.35MHz -3.1 450
373 132.37MHz -3.22 371
707 132.39MHz -2.95 705
686 132.41MHz -3.05 684
836 132.42MHz -3.05 834
374 132.51MHz -3.18 372
628 132.51MHz -3.04 626
244 132.51MHz -3.01 242
453 132.62MHz -3.08 451
432 132.68MHz -3.01 430
837 132.68MHz -3.07 835
687 132.69MHz -3.06 685
816 132.7MHz -3 814
454 132.72MHz -3.09 452
708 132.76MHz -2.91 706
245 132.77MHz -3.05 243
375 132.78MHz -3.24 373
838 132.78MHz -3.11 836
629 132.78MHz -3.01 627
246 132.92MHz -3.08 244
630 132.92MHz -3.04 628
433 132.98MHz -3.02 431
817 132.99MHz -3.02 815
455 133.01MHz -3.15 453
709 133.05MHz -2.94 707
818 133.06MHz -3.03 816
839 133.07MHz -3.08 837
434 133.07MHz -3.04 432
688 133.07MHz -3.05 686
710 133.14MHz -2.96 708
376 133.15MHz -3.21 374
247 133.19MHz -3.04 245
631 133.2MHz -3.05 629
435 133.31MHz -3.04 433
819 133.32MHz -3.02 817
689 133.36MHz -3.08 687
456 133.36MHz -3.15 454
898 133.37MHz -2.94 896
377 133.43MHz -3.25 375
711 133.44MHz -2.92 709
840 133.44MHz -3.07 838
690 133.46MHz -2.99 688
248 133.57MHz -3.03 246
632 133.58MHz -3.01 630
378 133.61MHz -3.15 376
899 133.64MHz -2.9 897
457 133.66MHz -3.09 455
436 133.71MHz -3 434
820 133.71MHz -2.95 818
841 133.72MHz -3.04 839
691 133.74MHz -2.97 689
712 133.81MHz -2.9 710
458 133.81MHz -3.07 456
249 133.85MHz -3.02 247
633 133.86MHz -3 631
379 133.87MHz -3.17 377
842 133.88MHz -2.99 840
821 133.98MHz -3 819
437 133.99MHz -3.04 435
250 134.02MHz -3.03 248
634 134.04MHz -3 632
900 134.04MHz -2.94 898
459 134.09MHz -3.07 457
713 134.11MHz -2.91 711
438 134.12MHz -3.03 436
692 134.13MHz -3 690
822 134.14MHz -3.02 820
843 134.15MHz -3.04 841
714 134.26MHz -2.94 712
251 134.31MHz -3.03 249
380 134.31MHz -3.16 378
901 134.31MHz -2.94 899
635 134.31MHz -3.02 633
693 134.39MHz -2.98 691
902 134.41MHz -2.95 900
823 134.41MHz -3.01 821
439 134.41MHz -3.04 437
460 134.49MHz -3.05 458
715 134.51MHz -2.92 713
694 134.54MHz -2.98 692
381 134.55MHz -3.17 379
844 134.57MHz -3.02 842
382 134.68MHz -3.2 380
903 134.71MHz -2.96 901
252 134.72MHz -3.03 250
636 134.73MHz -3.03 634
461 134.78MHz -3.04 459
824 134.8MHz -3 822
440 134.8MHz -3.03 438
695 134.85MHz -2.99 693
845 134.85MHz -3 843
462 134.87MHz -3.05 460
846 134.94MHz -3 844
716 134.95MHz -2.9 714
383 134.99MHz -3.18 381
253 134.99MHz -3 251
637 135MHz -2.99 635
825 135.1MHz -2.99 823
441 135.1MHz -3.02 439
904 135.1MHz -2.91 902
254 135.12MHz -3.02 252
638 135.13MHz -3 636
463 135.16MHz -3.04 461
717 135.23MHz -2.88 715
696 135.23MHz -2.97 694
847 135.24MHz -3.05 845
826 135.27MHz -3 824
442 135.27MHz -3.02 440
718 135.32MHz -2.94 716
384 135.41MHz -3.21 382
905 135.41MHz -2.91 903
255 135.43MHz -3.02 253
639 135.44MHz -3.02 637
697 135.53MHz -2.98 695
906 135.55MHz -2.95 904
443 135.55MHz -2.99 441
827 135.56MHz -3 825
464 135.58MHz -3.05 462
719 135.62MHz -2.93 717
848 135.65MHz -3.04 846
698 135.68MHz -3.01 696
385 135.69MHz -3.19 383
256 135.81MHz -3.03 254
907 135.82MHz -2.92 905
640 135.83MHz -3.04 638
465 135.87MHz -3.08 463
849 135.95MHz -3.02 847
699 135.96MHz -2.99 697
828 135.98MHz -2.99 826
444 135.98MHz -3 442
720 136.03MHz -2.93 718
466 136.07MHz -3.15 464
257 136.12MHz -3.05 255
850 136.13MHz -3.12 848
641 136.15MHz -2.99 639
908 136.27MHz -2.91 906
445 136.27MHz -2.98 443
829 136.27MHz -2.97 827
721 136.33MHz -2.87 719
467 136.36MHz -3.2 465
830 136.4MHz -3 828
446 136.4MHz -3.02 444
700 136.41MHz -2.98 698
851 136.43MHz -3.11 849
722 136.55MHz -2.94 720
909 136.58MHz -2.93 907
910 136.67MHz -2.93 908
701 136.72MHz -3.01 699
447 136.72MHz -3.03 445
831 136.73MHz -3.02 829
468 136.79MHz -3.19 466
702 136.83MHz -3 700
723 136.83MHz -2.95 721
852 136.84MHz -3.14 850
911 136.95MHz -2.93 909
469 137.04MHz -3.17 467
853 137.1MHz -3.12 851
448 137.11MHz -3.02 446
832 137.11MHz -3.01 830
703 137.11MHz -3.01 701
470 137.2MHz -3.24 468
724 137.25MHz -2.94 722
854 137.27MHz -3.14 852
912 137.38MHz -2.89 910
449 137.44MHz -3.02 447
833 137.45MHz -2.99 831
471 137.52MHz -3.23 469
725 137.56MHz -2.92 723
704 137.57MHz -2.99 702
855 137.6MHz -3.17 853
726 137.71MHz -2.94 724
913 137.73MHz -2.92 911
914 137.87MHz -2.97 912
705 137.89MHz -2.99 703
472 137.95MHz -3.22 470
856 138.02MHz -3.18 854
727 138.03MHz -2.98 725
915 138.15MHz -2.96 913
473 138.23MHz -3.22 471
857 138.29MHz -3.16 855
474 138.37MHz -3.14 472
728 138.42MHz -2.97 726
858 138.44MHz -3.11 856
916 138.58MHz -2.95 914
475 138.68MHz -3.14 473
729 138.75MHz -2.89 727
859 138.76MHz -3.06 857
730 138.9MHz -2.93 728
917 138.91MHz -2.94 915
918 139.06MHz -2.97 916
476 139.18MHz -3.16 474
731 139.21MHz -2.94 729
860 139.24MHz -3.1 858
919 139.38MHz -2.99 917
477 139.45MHz -3.15 475
861 139.52MHz -3.12 859
478 139.57MHz -3.2 476
732 139.64MHz -2.95 730
862 139.64MHz -3.13 860
920 139.79MHz -2.95 918
479 139.91MHz -3.16 477
733 139.97MHz -2.89 731
863 140MHz -3.11 861
734 140.12MHz -2.91 732
921 140.14MHz -2.97 919
922 140.29MHz -2.94 920
480 140.4MHz -3.17 478
735 140.46MHz -2.95 733
864 140.48MHz -3.13 862
923 140.59MHz -2.96 921
481 140.72MHz -3.2 479
865 140.78MHz -3.13 863
736 140.88MHz -2.95 734
866 140.89MHz -2.95 864
482 140.9MHz -2.95 480
924 141.07MHz -2.91 922
867 141.24MHz -2.91 865
483 141.24MHz -2.93 481
737 141.25MHz -2.9 735
738 141.39MHz -2.9 736
925 141.4MHz -2.92 923
926 141.57MHz -2.98 924
868 141.72MHz -2.94 866
484 141.72MHz -2.97 482
739 141.72MHz -2.92 737
927 141.89MHz -3 925
485 142.01MHz -2.96 483
869 142.01MHz -2.94 867
486 142.13MHz -2.96 484
870 142.13MHz -2.93 868
740 142.15MHz -2.92 738
928 142.34MHz -2.94 926
871 142.5MHz -2.92 869
487 142.5MHz -2.94 485
741 142.5MHz -2.88 739
742 142.65MHz -2.89 740
929 142.74MHz -2.98 927
930 142.94MHz -2.87 928
872 142.98MHz -2.93 870
488 142.98MHz -2.96 486
743 143MHz -2.9 741
931 143.24MHz -2.87 929
873 143.29MHz -2.92 871
489 143.29MHz -2.97 487
744 143.42MHz -2.9 742
490 143.54MHz -2.93 488
874 143.55MHz -2.94 872
932 143.73MHz -2.81 930
745 143.8MHz -2.88 743
875 143.92MHz -2.9 873
491 143.92MHz -2.93 489
746 144.07MHz -2.93 744
933 144.1MHz -2.84 931
934 144.23MHz -2.86 932
747 144.37MHz -2.93 745
492 144.42MHz -2.94 490
876 144.42MHz -2.91 874
935 144.56MHz -2.85 933
877 144.73MHz -2.89 875
493 144.74MHz -2.9 491
494 144.85MHz -2.94 492
878 144.86MHz -2.89 876
748 144.89MHz -2.89 746
936 145.06MHz -2.82 934
495 145.26MHz -2.95 493
879 145.27MHz -2.92 877
749 145.29MHz -2.89 747
750 145.39MHz -2.94 748
937 145.43MHz -2.85 935
938 145.67MHz -2.87 936
751 145.73MHz -2.91 749
496 145.74MHz -2.94 494
880 145.75MHz -2.93 878
939 146.01MHz -2.84 937
497 146.1MHz -2.92 495
881 146.12MHz -2.9 879
752 146.26MHz -2.88 750
498 146.3MHz -2.95 496
882 146.31MHz -2.94 880
940 146.6MHz -2.87 938
753 146.64MHz -2.92 751
499 146.67MHz -3 497
883 146.67MHz -2.97 881
962 146.71MHz -2.87 960
754 146.85MHz -2.89 752
941 146.93MHz -2.89 939
963 147.04MHz -2.88 961
942 147.05MHz -2.86 940
500 147.15MHz -3 498
884 147.16MHz -2.97 882
755 147.18MHz -2.86 753
943 147.43MHz -2.87 941
501 147.54MHz -2.97 499
885 147.56MHz -2.95 883
964 147.57MHz -2.87 962
502 147.75MHz -3.03 500
886 147.76MHz -2.99 884
756 147.76MHz -2.86 754
965 147.95MHz -2.88 963
944 147.99MHz -2.89 942
966 148.09MHz -2.9 964
757 148.09MHz -2.88 755
887 148.11MHz -3.03 885
503 148.11MHz -3.08 501
758 148.29MHz -2.89 756
945 148.35MHz -2.88 943
967 148.46MHz -2.91 965
946 148.48MHz -2.87 944
504 148.61MHz -3.01 502
888 148.61MHz -2.97 886
759 148.68MHz -2.85 757
947 148.89MHz -2.85 945
968 149.01MHz -2.88 966
889 149.04MHz -2.99 887
505 149.04MHz -3.05 503
760 149.21MHz -2.9 758
506 149.27MHz -3 504
890 149.28MHz -2.97 888
969 149.4MHz -2.9 967
948 149.41MHz -2.86 946
970 149.59MHz -2.86 968
761 149.59MHz -2.9 759
507 149.62MHz -2.98 505
891 149.63MHz -2.96 889
949 149.76MHz -2.83 947
762 149.82MHz -2.87 760
950 149.98MHz -2.81 948
971 149.99MHz -2.83 969
508 150.23MHz -2.95 506
763 150.24MHz -2.88 761
892 150.26MHz -2.94 890
951 150.43MHz -2.84 949
972 150.59MHz -2.83 970
509 150.61MHz -2.96 507
893 150.63MHz -2.95 891
510 150.76MHz -3 508
894 150.78MHz -2.96 892
764 150.8MHz -2.9 762
952 150.93MHz -2.85 950
973 150.96MHz -2.83 971
974 151.07MHz -2.82 972
511 151.18MHz -2.99 509
895 151.2MHz -2.95 893
765 151.21MHz -2.86 763
953 151.37MHz -2.82 951
766 151.4MHz -2.88 764
975 151.54MHz -2.85 973
954 151.62MHz -2.83 952
512 151.77MHz -2.99 510
896 151.79MHz -2.97 894
767 151.79MHz -2.88 765
955 152MHz -2.84 953
976 152.09MHz -2.85 974
513 152.17MHz -3 511
897 152.2MHz -2.95 895
768 152.37MHz -2.9 766
977 152.54MHz -2.84 975
956 152.62MHz -2.83 954
769 152.82MHz -2.88 767
978 152.82MHz -2.93 976
957 153.02MHz -2.84 955
958 153.19MHz -2.84 956
979 153.21MHz -2.96 977
959 153.62MHz -2.83 957
980 153.8MHz -2.9 978
981 154.22MHz -2.96 979
960 154.24MHz -2.85 958
982 154.43MHz -2.98 980
961 154.67MHz -2.83 959
983 154.88MHz -2.98 981
984 155.46MHz -2.99 982
985 155.92MHz -2.98 983
986 156.12MHz -2.9 984
987 156.55MHz -2.9 985
988 157.22MHz -2.89 986
989 157.66MHz -2.9 987
990 157.86MHz -2.95 988
991 158.33MHz -2.95 989
992 159MHz -2.93 990
993 159.51MHz -2.95 991
994 159.76MHz -2.73 992
995 160.21MHz -2.73 993
996 160.9MHz -2.76 994
997 161.36MHz -2.7 995
998 161.57MHz -2.75 996
999 162.08MHz -2.73 997
1000 162.74MHz -2.72 998
1001 163.29MHz -2.73 999
1002 163.66MHz -2.71 1000
1003 164.14MHz -2.73 1001
1004 164.93MHz -2.74 1002
1005 165.44MHz -2.75 1003
1006 165.6MHz -2.75 1004
1007 166.17MHz -2.74 1005
1008 166.93MHz -2.77 1006
1009 167.5MHz -2.75 1007
1010 167.75MHz -2.78 1008
1011 168.33MHz -2.76 1009
1012 169.09MHz -2.76 1010
1013 169.68MHz -2.77 1011
1014 169.96MHz -2.77 1012
1015 170.55MHz -2.79 1013
1016 171.34MHz -2.76 1014
1017 171.99MHz -2.82 1015
1018 172.33MHz -2.77 1016
1019 172.89MHz -2.8 1017
1020 173.82MHz -2.76 1018
1021 174.44MHz -2.78 1019
1022 174.7MHz -2.82 1020
1023 175.34MHz -2.78 1021
1024 176.26MHz -2.77 1022
1025 176.94MHz -2.79 1023
1026 218.51MHz -4.61 1024
1027 218.83MHz -4.62 1025
1028 219.14MHz -4.62 1026
1029 219.5MHz -4.56 1027
1030 219.82MHz -4.52 1028
1031 220.19MHz -4.55 1029
1032 220.49MHz -4.58 1030
1034 220.82MHz -4.67 1032
1033 220.86MHz -4.61 1031
1035 221.18MHz -4.64 1033
1036 221.54MHz -4.57 1034
1037 221.92MHz -4.47 1035
1038 222.18MHz -4.57 1036
1039 222.6MHz -4.63 1037
1040 222.93MHz -4.67 1038
1041 223.32MHz -4.59 1039
1042 223.37MHz -4.68 1040
1043 223.73MHz -4.59 1041
1044 224.04MHz -4.54 1042
1045 224.42MHz -4.58 1043
1046 224.85MHz -4.69 1044
1047 225.26MHz -4.67 1045
1048 225.57MHz -4.62 1046
1050 225.85MHz -4.62 1048
1049 225.98MHz -4.48 1047
1051 226.23MHz -4.59 1049
1052 226.62MHz -4.66 1050
1053 227.01MHz -4.67 1051
1054 227.39MHz -4.69 1052
1055 227.82MHz -4.6 1053
1056 228.15MHz -4.56 1054
1058 228.52MHz -4.63 1056
1057 228.6MHz -4.62 1055
1059 228.92MHz -4.63 1057
1060 229.25MHz -4.61 1058
1061 229.67MHz -4.54 1059
1062 230.03MHz -4.5 1060
1063 230.46MHz -4.6 1061
1064 230.78MHz -4.63 1062
1065 231.22MHz -4.58 1063
1066 231.28MHz -4.69 1064
1067 231.68MHz -4.58 1065
1068 232.09MHz -4.55 1066
1069 232.49MHz -4.59 1067
1070 232.84MHz -4.67 1068
1071 233.28MHz -4.63 1069
1072 233.69MHz -4.56 1070
1074 234.09MHz -4.56 1072
1073 234.11MHz -4.5 1071
1090 234.33MHz -4.55 1088
1538 234.44MHz -4.48 1536
1154 234.48MHz -4.54 1152
1075 234.49MHz -4.61 1073
1282 234.67MHz -4.56 1280
1091 234.78MHz -4.61 1089
1076 234.87MHz -4.7 1074
1539 234.87MHz -4.46 1537
1155 234.91MHz -4.57 1153
1283 235.09MHz -4.55 1281
1092 235.16MHz -4.56 1090
1540 235.25MHz -4.47 1538
1156 235.28MHz -4.54 1154
1077 235.32MHz -4.63 1075
1284 235.48MHz -4.52 1282
1093 235.61MHz -4.49 1091
1541 235.68MHz -4.38 1539
1157 235.73MHz -4.43 1155
1078 235.83MHz -4.57 1076
1285 235.92MHz -4.36 1283
1094 235.98MHz -4.53 1092
1542 236.07MHz -4.39 1540
1158 236.12MHz -4.47 1156
1079 236.22MHz -4.57 1077
1286 236.26MHz -4.51 1284
1095 236.41MHz -4.58 1093
1543 236.54MHz -4.47 1541
1159 236.57MHz -4.52 1157
1080 236.58MHz -4.63 1078
1287 236.76MHz -4.55 1285
1096 236.78MHz -4.57 1094
1544 236.91MHz -4.47 1542
1160 236.94MHz -4.55 1158
1082 237.04MHz -4.73 1080
1081 237.08MHz -4.64 1079
1288 237.14MHz -4.54 1286
1098 237.24MHz -4.61 1096
1097 237.3MHz -4.55 1095
1546 237.32MHz -4.55 1544
1162 237.34MHz -4.59 1160
1545 237.39MHz -4.42 1543
1161 237.43MHz -4.5 1159
1083 237.49MHz -4.66 1081
1290 237.6MHz -4.56 1288
1289 237.65MHz -4.45 1287
1099 237.7MHz -4.55 1097
1547 237.78MHz -4.42 1545
1163 237.8MHz -4.53 1161
1084 237.91MHz -4.59 1082
1291 238MHz -4.44 1289
1100 238.1MHz -4.49 1098
1548 238.2MHz -4.43 1546
1164 238.21MHz -4.5 1162
1085 238.34MHz -4.62 1083
1292 238.4MHz -4.49 1290
1101 238.52MHz -4.53 1099
1549 238.64MHz -4.48 1547
1165 238.66MHz -4.5 1163
1086 238.78MHz -4.75 1084
1293 238.88MHz -4.54 1291
1102 238.89MHz -4.64 1100
1550 239MHz -4.53 1548
1166 239.03MHz -4.6 1164
1294 239.24MHz -4.59 1292
1087 239.29MHz -4.69 1085
1103 239.41MHz -4.64 1101
1551 239.5MHz -4.46 1549
1167 239.54MHz -4.53 1165
1088 239.72MHz -4.64 1086
1295 239.77MHz -4.51 1293
1104 239.83MHz -4.53 1102
1552 239.93MHz -4.4 1550
1168 239.95MHz -4.45 1166
1089 240.14MHz -4.57 1087
1296 240.14MHz -4.51 1294
1105 240.27MHz -4.49 1103
1553 240.36MHz -4.43 1551
1106 240.38MHz -4.61 1104
1169 240.4MHz -4.5 1167
1554 240.46MHz -4.55 1552
1170 240.5MHz -4.59 1168
1297 240.63MHz -4.51 1295
1298 240.65MHz -4.6 1296
1107 240.85MHz -4.64 1105
1555 240.93MHz -4.54 1553
1171 240.98MHz -4.59 1169
1299 241.12MHz -4.59 1297
1108 241.28MHz -4.6 1106
1556 241.37MHz -4.52 1554
1172 241.39MHz -4.59 1170
1300 241.56MHz -4.51 1298
1109 241.76MHz -4.47 1107
1557 241.83MHz -4.41 1555
1173 241.86MHz -4.43 1171
1301 242MHz -4.39 1299
1110 242.23MHz -4.62 1108
1558 242.3MHz -4.51 1556
1174 242.33MHz -4.57 1172
1302 242.48MHz -4.57 1300
1111 242.73MHz -4.65 1109
1559 242.83MHz -4.52 1557
1175 242.88MHz -4.61 1173
1303 243.03MHz -4.61 1301
1112 243.14MHz -4.67 1110
1560 243.22MHz -4.58 1558
1176 243.27MHz -4.61 1174
1304 243.42MHz -4.57 1302
1114 243.56MHz -4.63 1112
1562 243.61MHz -4.6 1560
1178 243.63MHz -4.63 1176
1113 243.68MHz -4.57 1111
1561 243.76MHz -4.46 1559
1177 243.8MHz -4.51 1175
1306 243.81MHz -4.54 1304
1305 243.92MHz -4.46 1303
1115 243.98MHz -4.52 1113
1563 244.05MHz -4.45 1561
1179 244.07MHz -4.49 1177
1307 244.22MHz -4.53 1305
1116 244.43MHz -4.63 1114
1564 244.53MHz -4.56 1562
1180 244.54MHz -4.61 1178
1308 244.73MHz -4.58 1306
1117 244.94MHz -4.64 1115
1565 245.02MHz -4.58 1563
1181 245.04MHz -4.62 1179
1309 245.24MHz -4.58 1307
1118 245.45MHz -4.68 1116
1566 245.52MHz -4.59 1564
1182 245.56MHz -4.65 1180
1310 245.72MHz -4.61 1308
1119 245.94MHz -4.62 1117
1567 246.03MHz -4.47 1565
1183 246.04MHz -4.56 1181
1311 246.19MHz -4.56 1309
1120 246.36MHz -4.65 1118
1568 246.45MHz -4.58 1566
1184 246.46MHz -4.61 1182
1312 246.65MHz -4.59 1310
1122 246.83MHz -4.63 1120
1570 246.83MHz -4.57 1568
1121 246.91MHz -4.68 1119
1186 246.96MHz -4.66 1184
1569 247.03MHz -4.57 1567
1185 247.04MHz -4.64 1183
1314 247.22MHz -4.59 1312
1313 247.25MHz -4.59 1311
1571 247.35MHz -4.54 1569
1123 247.38MHz -4.61 1121
1187 247.47MHz -4.58 1185
1315 247.75MHz -4.5 1313
1572 247.78MHz -4.47 1570
1124 247.81MHz -4.5 1122
1188 247.89MHz -4.51 1186
1316 248.15MHz -4.45 1314
1573 248.24MHz -4.41 1571
1125 248.27MHz -4.5 1123
1189 248.34MHz -4.53 1187
1317 248.63MHz -4.52 1315
1126 248.74MHz -4.65 1124
1574 248.75MHz -4.58 1572
1190 248.88MHz -4.64 1188
1318 249.15MHz -4.6 1316
1575 249.33MHz -4.53 1573
1127 249.33MHz -4.64 1125
1191 249.46MHz -4.6 1189
1128 249.73MHz -4.58 1126
1576 249.74MHz -4.48 1574
1319 249.74MHz -4.5 1317
1192 249.83MHz -4.57 1190
1320 250.09MHz -4.47 1318
1577 250.23MHz -4.44 1575
1129 250.24MHz -4.53 1127
1578 250.28MHz -4.53 1576
1130 250.31MHz -4.59 1128
1193 250.35MHz -4.55 1191
1194 250.39MHz -4.67 1192
1321 250.63MHz -4.53 1319
1322 250.7MHz -4.61 1320
1579 250.82MHz -4.58 1577
1131 250.83MHz -4.68 1129
1195 250.91MHz -4.7 1193
1323 251.26MHz -4.63 1321
1580 251.37MHz -4.6 1578
1132 251.41MHz -4.64 1130
1196 251.46MHz -4.66 1194
1324 251.8MHz -4.51 1322
1581 251.89MHz -4.49 1579
1133 251.91MHz -4.54 1131
1197 251.98MHz -4.55 1195
1582 252.27MHz -4.56 1580
1325 252.28MHz -4.49 1323
1134 252.29MHz -4.67 1132
1198 252.37MHz -4.71 1196
1326 252.7MHz -4.66 1324
1583 252.88MHz -4.61 1581
1135 252.89MHz -4.74 1133
1199 252.99MHz -4.7 1197
1327 253.35MHz -4.64 1325
1584 253.39MHz -4.59 1582
1136 253.42MHz -4.65 1134
1200 253.51MHz -4.66 1198
1328 253.82MHz -4.53 1326
1585 253.95MHz -4.46 1583
1586 253.96MHz -4.52 1584
1137 253.98MHz -4.53 1135
1138 254MHz -4.61 1136
1201 254.04MHz -4.58 1199
1202 254.06MHz -4.65 1200
1330 254.27MHz -4.62 1328
1329 254.37MHz -4.56 1327
1666 254.38MHz -4.48 1664
1602 254.4MHz -4.48 1600
1587 254.45MHz -4.6 1585
1346 254.46MHz -4.64 1344
1139 254.5MHz -4.66 1137
1218 254.51MHz -4.53 1216
1203 254.58MHz -4.69 1201
1794 254.77MHz -4.45 1792
1331 254.82MHz -4.63 1329
1410 254.93MHz -4.52 1408
1667 254.96MHz -4.5 1665
1588 254.96MHz -4.63 1586
1603 254.97MHz -4.52 1601
1140 255.01MHz -4.67 1138
1347 255.06MHz -4.68 1345
1204 255.09MHz -4.73 1202
1219 255.1MHz -4.54 1217
1332 255.36MHz -4.62 1330
1795 255.4MHz -4.42 1793
1668 255.48MHz -4.5 1666
1604 255.51MHz -4.43 1602
1411 255.53MHz -4.45 1409
1589 255.55MHz -4.58 1587
1348 255.57MHz -4.6 1346
1141 255.59MHz -4.61 1139
1220 255.62MHz -4.48 1218
1205 255.65MHz -4.62 1203
1796 255.87MHz -4.34 1794
1333 255.89MHz -4.49 1331
1412 255.96MHz -4.35 1410
1669 255.99MHz -4.37 1667
1605 256.03MHz -4.34 1603
1349 256.09MHz -4.51 1347
1221 256.12MHz -4.42 1219
1590 256.13MHz -4.57 1588
1142 256.15MHz -4.63 1140
1206 256.23MHz -4.68 1204
1797 256.37MHz -4.34 1795
1334 256.45MHz -4.63 1332
1670 256.47MHz -4.52 1668
1413 256.5MHz -4.41 1411
1606 256.5MHz -4.53 1604
1350 256.57MHz -4.71 1348
1222 256.59MHz -4.58 1220
1591 256.73MHz -4.61 1589
1143 256.74MHz -4.72 1141
1207 256.85MHz -4.7 1205
1798 256.91MHz -4.45 1796
1414 257.06MHz -4.54 1412
1335 257.13MHz -4.65 1333
1671 257.14MHz -4.51 1669
1607 257.16MHz -4.52 1605
1592 257.2MHz -4.63 1590
1351 257.23MHz -4.7 1349
1144 257.24MHz -4.69 1142
1223 257.31MHz -4.58 1221
1208 257.33MHz -4.71 1206
1336 257.56MHz -4.62 1334
1799 257.57MHz -4.41 1797
1672 257.61MHz -4.47 1670
1608 257.61MHz -4.44 1606
1352 257.67MHz -4.61 1350
1415 257.69MHz -4.49 1413
1224 257.71MHz -4.48 1222
1594 257.75MHz -4.62 1592
1146 257.81MHz -4.6 1144
1593 257.81MHz -4.52 1591
1145 257.83MHz -4.56 1143
1210 257.85MHz -4.71 1208
1209 257.9MHz -4.6 1207
1800 257.98MHz -4.31 1798
1674 258.06MHz -4.45 1672
1416 258.1MHz -4.39 1414
1338 258.12MHz -4.59 1336
1673 258.15MHz -4.39 1671
1610 258.15MHz -4.43 1608
1337 258.15MHz -4.51 1335
1609 258.2MHz -4.39 1607
1354 258.21MHz -4.59 1352
1226 258.22MHz -4.52 1224
1353 258.26MHz -4.59 1351
1595 258.28MHz -4.6 1593
1225 258.3MHz -4.47 1223
1147 258.34MHz -4.67 1145
1211 258.35MHz -4.7 1209
1802 258.49MHz -4.43 1800
1801 258.57MHz -4.39 1799
1675 258.6MHz -4.53 1673
1418 258.6MHz -4.52 1416
1339 258.63MHz -4.65 1337
1611 258.66MHz -4.5 1609
1417 258.71MHz -4.45 1415
1355 258.77MHz -4.68 1353
1227 258.78MHz -4.58 1225
1596 258.85MHz -4.68 1594
1148 258.91MHz -4.68 1146
1212 258.96MHz -4.79 1210
1803 259.11MHz -4.41 1801
1676 259.23MHz -4.53 1674
1419 259.26MHz -4.49 1417
1340 259.27MHz -4.65 1338
1612 259.34MHz -4.47 1610
1356 259.41MHz -4.61 1354
1228 259.45MHz -4.49 1226
1597 259.49MHz -4.6 1595
1149 259.52MHz -4.63 1147
1213 259.56MHz -4.69 1211
1804 259.73MHz -4.35 1802
1677 259.8MHz -4.43 1675
1420 259.8MHz -4.42 1418
1341 259.85MHz -4.53 1339
1613 259.89MHz -4.36 1611
1357 259.95MHz -4.53 1355
1229 259.98MHz -4.4 1227
1598 260MHz -4.54 1596
1150 260.05MHz -4.68 1148
1214 260.1MHz -4.69 1212
1678 260.25MHz -4.49 1676
1805 260.27MHz -4.3 1803
1614 260.32MHz -4.5 1612
1342 260.36MHz -4.65 1340
1421 260.37MHz -4.41 1419
1358 260.38MHz -4.7 1356
1230 260.41MHz -4.57 1228
1599 260.62MHz -4.61 1597
1151 260.65MHz -4.73 1149
1806 260.71MHz -4.47 1804
1215 260.72MHz -4.73 1213
1422 260.83MHz -4.56 1420
1679 260.9MHz -4.54 1677
1615 260.96MHz -4.51 1613
1359 261.04MHz -4.74 1357
1343 261.06MHz -4.67 1341
1231 261.12MHz -4.62 1229
1600 261.19MHz -4.7 1598
1152 261.25MHz -4.7 1150
1216 261.3MHz -4.76 1214
1807 261.43MHz -4.42 1805
1680 261.48MHz -4.51 1678
1616 261.55MHz -4.48 1614
1423 261.55MHz -4.49 1421
1344 261.59MHz -4.66 1342
1360 261.61MHz -4.61 1358
1232 261.65MHz -4.5 1230
1601 261.84MHz -4.57 1599
1153 261.85MHz -4.57 1151
1217 261.9MHz -4.61 1215
1808 261.95MHz -4.33 1806
1424 262.06MHz -4.39 1422
1681 262.07MHz -4.41 1679
1617 262.16MHz -4.39 1615
1345 262.2MHz -4.56 1343
1361 262.21MHz -4.6 1359
1682 262.22MHz -4.52 1680
1233 262.24MHz -4.49 1231
1362 262.27MHz -4.66 1360
1618 262.3MHz -4.49 1616
1234 262.4MHz -4.57 1232
1809 262.56MHz -4.41 1807
1810 262.6MHz -4.47 1808
1425 262.67MHz -4.46 1423
1426 262.72MHz -4.54 1424
1683 262.83MHz -4.56 1681
1363 262.86MHz -4.71 1361
1619 262.92MHz -4.51 1617
1235 263.06MHz -4.57 1233
1811 263.26MHz -4.47 1809
1427 263.4MHz -4.51 1425
1364 263.41MHz -4.65 1362
1684 263.42MHz -4.55 1682
1620 263.5MHz -4.45 1618
1236 263.59MHz -4.53 1234
1812 263.79MHz -4.39 1810
1428 263.89MHz -4.45 1426
1685 263.98MHz -4.46 1683
1365 264MHz -4.53 1363
1621 264.06MHz -4.39 1619
1237 264.17MHz -4.46 1235
1813 264.34MHz -4.37 1811
1429 264.49MHz -4.5 1427
1686 264.62MHz -4.59 1684
1366 264.63MHz -4.78 1364
1622 264.69MHz -4.57 1620
1238 264.84MHz -4.62 1236
1814 265.05MHz -4.54 1812
1430 265.2MHz -4.59 1428
1367 265.33MHz -4.75 1365
1687 265.36MHz -4.54 1685
1623 265.43MHz -4.52 1621
1239 265.55MHz -4.58 1237
1815 265.74MHz -4.42 1813
1368 265.83MHz -4.62 1366
1688 265.84MHz -4.49 1686
1431 265.89MHz -4.44 1429
1624 265.9MHz -4.41 1622
1240 266.02MHz -4.46 1238
1816 266.23MHz -4.42 1814
1690 266.26MHz -4.6 1688
1370 266.33MHz -4.68 1368
1432 266.34MHz -4.48 1430
1626 266.39MHz -4.5 1624
1369 266.47MHz -4.66 1367
1689 266.47MHz -4.52 1687
1242 266.5MHz -4.61 1240
1625 266.56MHz -4.48 1623
1241 266.67MHz -4.57 1239
1818 266.69MHz -4.51 1816
1434 266.8MHz -4.58 1432
1817 266.89MHz -4.45 1815
1691 266.9MHz -4.65 1689
1371 266.98MHz -4.74 1369
1627 267.05MHz -4.55 1625
1433 267.07MHz -4.5 1431
1243 267.14MHz -4.62 1241
1819 267.4MHz -4.48 1817
1435 267.51MHz -4.53 1433
1692 267.57MHz -4.64 1690
1372 267.62MHz -4.66 1370
1628 267.71MHz -4.48 1626
1244 267.78MHz -4.52 1242
1820 268.02MHz -4.41 1818
1436 268.11MHz -4.46 1434
1693 268.16MHz -4.54 1691
1373 268.25MHz -4.62 1371
1629 268.31MHz -4.46 1627
1245 268.4MHz -4.55 1243
1821 268.64MHz -4.46 1819
1437 268.75MHz -4.51 1435
1694 268.79MHz -4.67 1692
1374 268.84MHz -4.81 1372
1630 268.93MHz -4.63 1628
1246 269.04MHz -4.68 1244
1822 269.3MHz -4.55 1820
1438 269.43MHz -4.59 1436
1695 269.53MHz -4.62 1693
1375 269.57MHz -4.76 1373
1631 269.66MHz -4.55 1629
1247 269.77MHz -4.62 1245
1823 269.99MHz -4.43 1821
1696 270.1MHz -4.57 1694
1439 270.11MHz -4.56 1437
1376 270.15MHz -4.64 1374
1632 270.24MHz -4.52 1630
1248 270.33MHz -4.6 1246
1698 270.49MHz -4.6 1696
1824 270.58MHz -4.52 1822
1440 270.7MHz -4.57 1438
1634 270.76MHz -4.49 1632
1697 270.79MHz -4.63 1695
1377 270.87MHz -4.74 1375
1633 270.96MHz -4.53 1631
1378 270.98MHz -4.67 1376
1250 270.99MHz -4.61 1248
1249 271.06MHz -4.62 1247
1699 271.2MHz -4.6 1697
1826 271.26MHz -4.46 1824
1825 271.32MHz -4.5 1823
1441 271.45MHz -4.55 1439
1442 271.47MHz -4.54 1440
1635 271.47MHz -4.46 1633
1379 271.66MHz -4.63 1377
1251 271.67MHz -4.53 1249
1700 271.77MHz -4.56 1698
1827 271.9MHz -4.37 1825
1636 272.03MHz -4.35 1634
1443 272.12MHz -4.45 1441
1380 272.22MHz -4.56 1378
1252 272.22MHz -4.49 1250
1701 272.38MHz -4.54 1699
1828 272.46MHz -4.39 1826
1444 272.68MHz -4.54 1442
1637 272.7MHz -4.42 1635
1253 272.89MHz -4.55 1251
1381 272.92MHz -4.62 1379
1702 273.09MHz -4.66 1700
1829 273.14MHz -4.39 1827
1638 273.35MHz -4.52 1636
1445 273.4MHz -4.49 1443
1382 273.53MHz -4.71 1380
1254 273.55MHz -4.61 1252
1703 273.82MHz -4.51 1701
1830 273.82MHz -4.41 1828
1446 274.04MHz -4.48 1444
1639 274.07MHz -4.41 1637
1383 274.27MHz -4.7 1381
1255 274.28MHz -4.59 1253
1704 274.31MHz -4.58 1702
1831 274.56MHz -4.45 1829
1640 274.6MHz -4.48 1638
1447 274.77MHz -4.57 1445
1256 274.78MHz -4.59 1254
1384 274.82MHz -4.67 1382
1705 275.08MHz -4.62 1703
1832 275.09MHz -4.47 1830
1706 275.1MHz -4.72 1704
1448 275.34MHz -4.55 1446
1641 275.37MHz -4.48 1639
1642 275.46MHz -4.56 1640
1385 275.56MHz -4.63 1383
1257 275.59MHz -4.56 1255
1258 275.65MHz -4.63 1256
1386 275.69MHz -4.69 1384
1707 275.78MHz -4.63 1705
1833 275.87MHz -4.32 1831
1834 275.93MHz -4.42 1832
1449 276.07MHz -4.42 1447
1450 276.11MHz -4.57 1448
1643 276.14MHz -4.47 1641
1259 276.32MHz -4.6 1257
1387 276.39MHz -4.67 1385
1708 276.44MHz -4.72 1706
1835 276.62MHz -4.47 1833
1451 276.81MHz -4.6 1449
1644 276.85MHz -4.53 1642
1260 277.01MHz -4.66 1258
1388 277.08MHz -4.68 1386
1709 277.16MHz -4.72 1707
1836 277.34MHz -4.51 1834
1452 277.54MHz -4.59 1450
1645 277.57MHz -4.52 1643
1261 277.74MHz -4.58 1259
1710 277.79MHz -4.7 1708
1389 277.8MHz -4.61 1387
1837 278.07MHz -4.4 1835
1646 278.15MHz -4.54 1644
1453 278.23MHz -4.57 1451
1262 278.31MHz -4.68 1260
1390 278.37MHz -4.77 1388
1711 278.5MHz -4.71 1709
1838 278.64MHz -4.56 1836
1454 278.86MHz -4.67 1452
1647 278.94MHz -4.61 1645
1263 279.11MHz -4.72 1261
1391 279.12MHz -4.79 1389
1712 279.18MHz -4.76 1710
1839 279.43MHz -4.53 1837
1648 279.58MHz -4.57 1646
1455 279.66MHz -4.62 1453
1264 279.76MHz -4.63 1262
1392 279.82MHz -4.71 1390
1713 279.96MHz -4.62 1711
1714 280.09MHz -4.75 1712
1840 280.11MHz -4.48 1838
1456 280.29MHz -4.61 1454
1649 280.39MHz -4.53 1647
1650 280.44MHz -4.58 1648
1394 280.52MHz -4.76 1392
1265 280.55MHz -4.63 1263
1393 280.62MHz -4.73 1391
1266 280.64MHz -4.7 1264
1715 280.82MHz -4.8 1713
1842 280.86MHz -4.62 1840
1841 280.92MHz -4.53 1839
1458 281.06MHz -4.69 1456
1457 281.08MHz -4.62 1455
1730 281.1MHz -4.47 1728
1651 281.2MHz -4.59 1649
1395 281.22MHz -4.76 1393
1858 281.25MHz -4.54 1856
1267 281.41MHz -4.69 1265
1716 281.47MHz -4.87 1714
1474 281.55MHz -4.6 1472
1843 281.59MHz -4.54 1841
1922 281.59MHz -4.42 1920
1459 281.82MHz -4.63 1457
1652 281.86MHz -4.51 1650
1731 281.87MHz -4.4 1729
1396 281.91MHz -4.65 1394
1859 282.02MHz -4.46 1857
1268 282.04MHz -4.6 1266
1717 282.18MHz -4.76 1715
1844 282.24MHz -4.53 1842
1475 282.31MHz -4.57 1473
1923 282.32MHz -4.36 1921
1460 282.46MHz -4.66 1458
1732 282.53MHz -4.41 1730
1653 282.61MHz -4.55 1651
1397 282.67MHz -4.74 1395
1860 282.74MHz -4.46 1858
1269 282.81MHz -4.67 1267
1476 282.97MHz -4.56 1474
1924 282.98MHz -4.43 1922
1845 283.02MHz -4.55 1843
1718 283.08MHz -4.91 1716
1461 283.22MHz -4.65 1459
1733 283.3MHz -4.45 1731
1654 283.44MHz -4.68 1652
1861 283.45MHz -4.48 1859
1398 283.48MHz -4.84 1396
1270 283.67MHz -4.75 1268
1477 283.74MHz -4.51 1475
1925 283.76MHz -4.32 1923
1846 283.87MHz -4.54 1844
1719 283.91MHz -4.75 1717
1734 284.01MHz -4.5 1732
1462 284.11MHz -4.66 1460
1862 284.15MHz -4.59 1860
1655 284.29MHz -4.6 1653
1399 284.33MHz -4.82 1397
1926 284.47MHz -4.44 1924
1271 284.48MHz -4.73 1269
1720 284.48MHz -4.88 1718
1478 284.48MHz -4.66 1476
1847 284.72MHz -4.59 1845
1735 284.87MHz -4.56 1733
1656 284.89MHz -4.66 1654
1400 284.91MHz -4.8 1398
1463 284.95MHz -4.73 1461
1863 284.97MHz -4.63 1861
1272 285.09MHz -4.77 1270
1722 285.19MHz -5.04 1720
1479 285.29MHz -4.69 1477
1848 285.3MHz -4.62 1846
1721 285.32MHz -4.86 1719
1927 285.34MHz -4.45 1925
1736 285.46MHz -4.5 1734
1464 285.54MHz -4.74 1462
1864 285.58MHz -4.54 1862
1658 285.7MHz -4.7 1656
1657 285.72MHz -4.59 1655
1401 285.73MHz -4.77 1399
1402 285.75MHz -4.82 1400
1274 285.85MHz -4.77 1272
1480 285.91MHz -4.55 1478
1273 285.94MHz -4.67 1271
1723 285.97MHz -4.87 1721
1928 285.97MHz -4.41 1926
1850 286.1MHz -4.61 1848
1849 286.17MHz -4.54 1847
1738 286.21MHz -4.49 1736
1466 286.29MHz -4.75 1464
1737 286.33MHz -4.47 1735
1465 286.41MHz -4.68 1463
1866 286.44MHz -4.59 1864
1659 286.47MHz -4.65 1657
1865 286.5MHz -4.55 1863
1403 286.56MHz -4.85 1401
1275 286.64MHz -4.81 1273
1930 286.71MHz -4.54 1928
1724 286.72MHz -5.03 1722
1482 286.73MHz -4.66 1480
1481 286.81MHz -4.63 1479
1929 286.85MHz -4.44 1927
1851 286.9MHz -4.66 1849
1739 287MHz -4.55 1737
1467 287.09MHz -4.77 1465
1867 287.19MHz -4.6 1865
1660 287.25MHz -4.69 1658
1404 287.28MHz -4.81 1402
1276 287.39MHz -4.82 1274
1931 287.48MHz -4.47 1929
1483 287.48MHz -4.63 1481
1725 287.51MHz -4.95 1723
1852 287.68MHz -4.69 1850
1740 287.8MHz -4.46 1738
1468 287.87MHz -4.76 1466
1868 288.03MHz -4.48 1866
1661 288.05MHz -4.57 1659
1405 288.11MHz -4.71 1403
1277 288.22MHz -4.73 1275
1932 288.31MHz -4.45 1930
1726 288.32MHz -4.97 1724
1484 288.32MHz -4.58 1482
1853 288.51MHz -4.63 1851
1741 288.61MHz -4.5 1739
1469 288.69MHz -4.78 1467
1869 288.85MHz -4.52 1867
1406 288.88MHz -4.92 1404
1662 288.88MHz -4.76 1660
1278 289.01MHz -4.87 1276
1485 289.09MHz -4.62 1483
1933 289.1MHz -4.48 1931
1727 289.2MHz -4.99 1725
1742 289.24MHz -4.61 1740
1854 289.29MHz -4.71 1852
1870 289.42MHz -4.65 1868
1470 289.5MHz -4.83 1468
1663 289.71MHz -4.68 1661
1407 289.74MHz -4.88 1405
1486 289.77MHz -4.68 1484
1934 289.77MHz -4.51 1932
1279 289.88MHz -4.77 1277
1728 289.93MHz -4.98 1726
1743 290.15MHz -4.56 1741
1855 290.2MHz -4.64 1853
1871 290.38MHz -4.63 1869
1471 290.41MHz -4.76 1469
1664 290.49MHz -4.7 1662
1408 290.53MHz -4.89 1406
1280 290.63MHz -4.83 1278
1487 290.68MHz -4.72 1485
1935 290.7MHz -4.51 1933
1729 290.81MHz -4.98 1727
1744 290.92MHz -4.56 1742
1856 290.96MHz -4.72 1854
1872 291.11MHz -4.58 1870
1472 291.11MHz -4.83 1470
1665 291.34MHz -4.68 1663
1409 291.36MHz -4.87 1407
1488 291.39MHz -4.64 1486
1936 291.42MHz -4.52 1934
1281 291.49MHz -4.8 1279
1745 291.8MHz -4.48 1743
1857 291.82MHz -4.65 1855
1873 292.03MHz -4.53 1871
1473 292.03MHz -4.71 1471
1874 292.12MHz -4.57 1872
1746 292.12MHz -4.52 1744
1489 292.34MHz -4.64 1487
1937 292.37MHz -4.45 1935
1490 292.46MHz -4.67 1488
1938 292.52MHz -4.55 1936
1875 292.94MHz -4.61 1873
1747 292.95MHz -4.58 1745
1491 293.27MHz -4.69 1489
1939 293.34MHz -4.52 1937
1876 293.66MHz -4.51 1874
1748 293.71MHz -4.53 1746
1492 294.02MHz -4.56 1490
1940 294.1MHz -4.5 1938
1749 294.56MHz -4.5 1747
1877 294.57MHz -4.55 1875
1493 294.9MHz -4.61 1491
1941 294.97MHz -4.52 1939
1878 295.41MHz -4.68 1876
1750 295.48MHz -4.59 1748
1494 295.81MHz -4.69 1492
1942 295.95MHz -4.52 1940
1879 296.43MHz -4.65 1877
1751 296.46MHz -4.56 1749
1495 296.78MHz -4.71 1493
1943 296.9MHz -4.56 1941
1880 297.09MHz -4.61 1878
1752 297.12MHz -4.55 1750
1496 297.42MHz -4.66 1494
1944 297.58MHz -4.55 1942
1754 297.83MHz -4.56 1752
1882 297.87MHz -4.58 1880
1881 298.04MHz -4.52 1879
1753 298.1MHz -4.49 1751
1498 298.21MHz -4.69 1496
1946 298.25MHz -4.61 1944
1497 298.47MHz -4.65 1495
1945 298.6MHz -4.51 1943
1755 298.74MHz -4.57 1753
1883 298.78MHz -4.63 1881
1499 299.08MHz -4.72 1497
1947 299.15MHz -4.58 1945
1756 299.6MHz -4.55 1754
1884 299.66MHz -4.57 1882
1500 300.01MHz -4.56 1498
1948 300.08MHz -4.54 1946
1757 300.56MHz -4.58 1755
1885 300.61MHz -4.55 1883
1501 300.92MHz -4.63 1499
1949 300.98MHz -4.56 1947
1758 301.38MHz -4.63 1756
1886 301.4MHz -4.7 1884
1502 301.77MHz -4.7 1500
1950 301.89MHz -4.55 1948
1759 302.41MHz -4.58 1757
1887 302.46MHz -4.63 1885
1503 302.8MHz -4.73 1501
1951 302.92MHz -4.57 1949
1760 303.26MHz -4.6 1758
1888 303.28MHz -4.61 1886
1504 303.63MHz -4.64 1502
1952 303.77MHz -4.53 1950
1762 303.95MHz -4.4 1760
1761 304.32MHz -4.52 1759
1889 304.33MHz -4.56 1887
1890 304.52MHz -4.45 1888
1954 304.53MHz -4.47 1952
1505 304.68MHz -4.63 1503
1953 304.82MHz -4.52 1951
1763 304.9MHz -4.46 1761
1506 304.9MHz -4.51 1504
1891 305.39MHz -4.43 1889
1955 305.47MHz -4.42 1953
1764 305.7MHz -4.39 1762
1507 305.84MHz -4.47 1505
1892 306.3MHz -4.3 1890
1956 306.33MHz -4.41 1954
1508 306.69MHz -4.44 1506
1765 306.71MHz -4.38 1763
1893 307.21MHz -4.37 1891
1957 307.25MHz -4.39 1955
1766 307.56MHz -4.44 1764
1509 307.61MHz -4.43 1507
1894 308.15MHz -4.42 1892
1958 308.22MHz -4.43 1956
1510 308.58MHz -4.53 1508
1767 308.68MHz -4.48 1765
1895 309.17MHz -4.45 1893
1959 309.25MHz -4.4 1957
1768 309.37MHz -4.43 1766
1511 309.59MHz -4.51 1509
1896 309.98MHz -4.3 1894
1960 310.04MHz -4.33 1958
1512 310.42MHz -4.45 1510
1769 310.51MHz -4.38 1767
1770 310.54MHz -4.49 1768
1897 311.06MHz -4.37 1895
1961 311.12MHz -4.39 1959
1962 311.14MHz -4.52 1960
1898 311.2MHz -4.42 1896
1513 311.44MHz -4.43 1511
1771 311.5MHz -4.43 1769
1514 311.56MHz -4.49 1512
1963 312.16MHz -4.41 1961
1899 312.23MHz -4.36 1897
1772 312.55MHz -4.47 1770
1515 312.63MHz -4.47 1513
1964 313.13MHz -4.49 1962
1900 313.23MHz -4.35 1898
1773 313.5MHz -4.4 1771
1516 313.58MHz -4.41 1514
1965 314.18MHz -4.39 1963
1901 314.31MHz -4.32 1899
1774 314.4MHz -4.47 1772
1517 314.66MHz -4.42 1515
1966 315.07MHz -4.46 1964
1902 315.09MHz -4.48 1900
1775 315.45MHz -4.48 1773
1518 315.46MHz -4.53 1516
1967 316.2MHz -4.42 1965
1903 316.25MHz -4.43 1901
1776 316.48MHz -4.47 1774
1519 316.63MHz -4.55 1517
1968 317.15MHz -4.47 1966
1904 317.2MHz -4.41 1902
1520 317.55MHz -4.47 1518
1777 317.56MHz -4.45 1775
1778 317.91MHz -4.42 1776
1969 318.35MHz -4.43 1967
1906 318.35MHz -4.35 1904
1905 318.37MHz -4.4 1903
1970 318.51MHz -4.52 1968
1521 318.76MHz -4.49 1519
1522 318.78MHz -4.5 1520
1779 318.99MHz -4.47 1777
1907 319.39MHz -4.35 1905
1986 319.53MHz -4.21 1984
1971 319.54MHz -4.43 1969
1523 319.83MHz -4.41 1521
1780 319.92MHz -4.39 1778
1908 320.39MHz -4.31 1906
1972 320.54MHz -4.53 1970
1987 320.67MHz -4.22 1985
1524 320.79MHz -4.44 1522
1781 321.02MHz -4.42 1779
1909 321.44MHz -4.31 1907
1973 321.58MHz -4.44 1971
1988 321.62MHz -4.12 1986
1525 321.88MHz -4.37 1523
1782 322.28MHz -4.47 1780
1910 322.68MHz -4.43 1908
1989 322.78MHz -4.13 1987
1974 322.9MHz -4.49 1972
1526 323.1MHz -4.53 1524
1783 323.43MHz -4.47 1781
1990 323.78MHz -4.24 1988
1911 323.84MHz -4.4 1909
1975 324.13MHz -4.39 1973
1527 324.36MHz -4.48 1525
1784 324.39MHz -4.44 1782
1912 324.79MHz -4.37 1910
1976 325MHz -4.5 1974
1991 325.05MHz -4.33 1989
1528 325.2MHz -4.46 1526
1786 325.41MHz -4.55 1784
1785 325.53MHz -4.42 1783
1992 325.98MHz -4.17 1990
1913 326.01MHz -4.29 1911
1914 326.03MHz -4.34 1912
1978 326.06MHz -4.53 1976
1977 326.27MHz -4.4 1975
1530 326.43MHz -4.49 1528
1529 326.46MHz -4.46 1527
1787 326.61MHz -4.5 1785
1994 327.15MHz -4.23 1992
1915 327.18MHz -4.4 1913
1979 327.22MHz -4.54 1977
1993 327.23MHz -4.2 1991
1531 327.54MHz -4.51 1529
1788 327.69MHz -4.51 1786
1995 328.35MHz -4.24 1993
1916 328.4MHz -4.34 1914
1980 328.41MHz -4.6 1978
1532 328.73MHz -4.47 1530
1789 328.9MHz -4.51 1787
1917 329.53MHz -4.34 1915
1996 329.53MHz -4.15 1994
1981 329.55MHz -4.56 1979
1533 329.87MHz -4.4 1531
1790 330.09MHz -4.51 1788
1918 330.68MHz -4.51 1916
1997 330.74MHz -4.16 1995
1982 330.78MHz -4.59 1980
1534 331.04MHz -4.6 1532
1791 331.33MHz -4.55 1789
1998 331.69MHz -4.32 1996
1919 331.96MHz -4.45 1917
1983 332.09MHz -4.48 1981
1535 332.36MHz -4.56 1533
1792 332.49MHz -4.56 1790
1999 333.02MHz -4.38 1997
1920 333.08MHz -4.44 1918
1984 333.16MHz -4.6 1982
1536 333.43MHz -4.51 1534
1793 333.69MHz -4.52 1791
2000 334.18MHz -4.21 1998
1921 334.42MHz -4.4 1919
1985 334.52MHz -4.5 1983
1537 334.77MHz -4.53 1535
2001 335.57MHz -4.25 1999
2002 335.78MHz -4.15 2000
2003 337.07MHz -4.2 2001
2004 338.25MHz -4.12 2002
2005 339.53MHz -4.12 2003
2006 340.95MHz -4.3 2004
2007 342.37MHz -4.3 2005
2008 343.52MHz -4.21 2006
2010 344.69MHz -4.21 2008
2009 344.98MHz -4.22 2007
2011 346.08MHz -4.15 2009
2012 347.51MHz -4.1 2010
2013 348.93MHz -4.14 2011
2014 350.27MHz -4.27 2012
2015 351.89MHz -4.28 2013
2016 353.26MHz -4.22 2014
2017 354.85MHz -4.24 2015
2018 354.95MHz -4.04 2016
2019 356.46MHz -4.03 2017
2020 357.84MHz -3.88 2018
2021 359.43MHz -3.9 2019
2022 360.93MHz -4.09 2020
2023 362.63MHz -4.11 2021
2024 363.96MHz -3.94 2022
2025 365.79MHz -3.98 2023
2026 365.86MHz -3.98 2024
2027 367.58MHz -4.02 2025
2028 369.23MHz -3.95 2026
2029 370.99MHz -3.95 2027
2030 372.44MHz -4.11 2028
2031 374.42MHz -4.12 2029
2032 376.05MHz -3.94 2030
2033 378.06MHz -4.01 2031
2034 378.29MHz -3.87 2032
2035 380.2MHz -3.79 2033
2036 381.87MHz -3.81 2034
2037 383.8MHz -3.75 2035
2038 385.95MHz -3.87 2036
2039 388.1MHz -3.86 2037
2040 389.75MHz -3.8 2038
2042 391.82MHz -3.86 2040
2041 391.96MHz -3.79 2039
2043 393.9MHz -3.86 2041
2044 395.98MHz -3.84 2042
2045 398.15MHz -3.83 2043
2046 400.28MHz -3.93 2044
2047 402.69MHz -3.96 2045
2048 404.76MHz -3.94 2046
2049 407.21MHz -3.94 2047